source_rate    = 0.000000e+00
abs_rate       = 8.435847e+00
incident       = 1.256637e+01
leakage        = 4.130524e+00
balance_error  = -7.105427e-15
relative_error = -5.654319e-16
