# DSA balance per iteration
# iter          source_rate             abs_rate             incident              leakage       relative_error
     1   0.000000000000e+00   7.605513325590e+00   1.256637061436e+01   4.960857288770e+00   1.413579858428e-15
     2   0.000000000000e+00   7.631129931888e+00   1.256637061436e+01   4.935240682472e+00   5.654319433713e-16
     3   0.000000000000e+00   7.631632093202e+00   1.256637061436e+01   4.934738521157e+00   1.130863886743e-15
     4   0.000000000000e+00   7.631673475018e+00   1.256637061436e+01   4.934697139341e+00   7.067899292141e-16
     5   0.000000000000e+00   7.631677991601e+00   1.256637061436e+01   4.934692622758e+00   7.067899292141e-16
     6   0.000000000000e+00   7.631678466880e+00   1.256637061436e+01   4.934692147479e+00   5.654319433713e-16
     7   0.000000000000e+00   7.631678513375e+00   1.256637061436e+01   4.934692100984e+00   8.481479150569e-16
     8   0.000000000000e+00   7.631678517552e+00   1.256637061436e+01   4.934692096807e+00   8.481479150569e-16
     9   0.000000000000e+00   7.631678517884e+00   1.256637061436e+01   4.934692096475e+00   8.481479150569e-16
    10   0.000000000000e+00   7.631678517904e+00   1.256637061436e+01   4.934692096455e+00   7.067899292141e-16
    11   0.000000000000e+00   7.631678517905e+00   1.256637061436e+01   4.934692096454e+00   7.067899292141e-16
    12   0.000000000000e+00   7.631678517905e+00   1.256637061436e+01   4.934692096455e+00   5.654319433713e-16
    13   0.000000000000e+00   7.631678517905e+00   1.256637061436e+01   4.934692096455e+00   4.240739575285e-16

# Final converged balance
source_rate    = 0.000000000000e+00
abs_rate       = 7.631678517905e+00
incident       = 1.256637061436e+01
leakage        = 4.934692096455e+00
balance_error  = 5.329070518201e-15
relative_error = 4.240739575285e-16
