# DSA balance per iteration
# iter          source_rate             abs_rate             incident              leakage       relative_error
     1   0.000000000000e+00   3.814282996602e+00   6.302229936549e+00   2.487946939947e+00   9.865157254648e-16
     2   0.000000000000e+00   3.827130122319e+00   6.302229936549e+00   2.475099814230e+00   4.227924537706e-16
     3   0.000000000000e+00   3.827381964013e+00   6.302229936549e+00   2.474847972536e+00   4.227924537706e-16
     4   0.000000000000e+00   3.827402717637e+00   6.302229936549e+00   2.474827218913e+00   4.227924537706e-16
     5   0.000000000000e+00   3.827404982773e+00   6.302229936549e+00   2.474824953776e+00   7.046540896177e-16
     6   0.000000000000e+00   3.827405221133e+00   6.302229936549e+00   2.474824715416e+00   1.409308179235e-16
     7   0.000000000000e+00   3.827405244451e+00   6.302229936549e+00   2.474824692098e+00   7.046540896177e-16
     8   0.000000000000e+00   3.827405246545e+00   6.302229936549e+00   2.474824690004e+00   1.409308179235e-16
     9   0.000000000000e+00   3.827405246712e+00   6.302229936549e+00   2.474824689837e+00   4.227924537706e-16
    10   0.000000000000e+00   3.827405246722e+00   6.302229936549e+00   2.474824689827e+00   4.227924537706e-16
    11   0.000000000000e+00   3.827405246723e+00   6.302229936549e+00   2.474824689827e+00   7.046540896177e-16
    12   0.000000000000e+00   3.827405246722e+00   6.302229936549e+00   2.474824689827e+00   4.227924537706e-16
    13   0.000000000000e+00   3.827405246722e+00   6.302229936549e+00   2.474824689827e+00   2.818616358471e-16

# Final converged balance
source_rate    = 0.000000000000e+00
abs_rate       = 3.827405246722e+00
incident       = 6.302229936549e+00
leakage        = 2.474824689827e+00
balance_error  = 1.776356839400e-15
relative_error = 2.818616358471e-16
