source_rate    = 0.000000e+00
abs_rate       = 8.435835e+00
incident       = 1.256637e+01
leakage        = 4.130375e+00
balance_error  = 1.604317e-04
relative_error = 1.276675e-05
